2 0.737419 0.439171 0.304941 0.383971
0 0.713992 0.895473 0.248010 0.207851
0 0.583385 0.810443 0.150149 0.235284
0 0.425779 0.915161 0.205730 0.168471
0 0.733417 0.761164 0.176964 0.219168
0 0.121447 0.679825 0.158666 0.228743
0 0.202020 0.897618 0.203490 0.204065
0 0.442217 0.454184 0.127391 0.148787
0 0.326011 0.690188 0.182852 0.270636
0 0.625433 0.599311 0.120195 0.184615
0 0.508164 0.650703 0.156871 0.250360
2 0.355919 0.152935 0.103122 0.166885
0 0.389650 0.526334 0.123133 0.175906
0 0.866919 0.708457 0.152266 0.230606
0 0.960211 0.810100 0.079123 0.375894
0 0.545128 0.429446 0.097683 0.137150
2 0.509189 0.279889 0.075371 0.148956
2 0.556353 0.144242 0.100840 0.101107
0 0.317665 0.418600 0.107530 0.138988
2 0.327047 0.065057 0.094665 0.113722
2 0.504975 0.112231 0.206387 0.167150
0 0.105456 0.500325 0.105599 0.175404
2 0.404983 0.211606 0.099381 0.127314
0 0.890390 0.917262 0.185907 0.164737
0 0.066276 0.081388 0.063241 0.082284
