0 0.875357 0.739429 0.194256 0.233813
0 0.231635 0.813241 0.153370 0.218520
0 0.648644 0.760369 0.160194 0.222251
0 0.728464 0.931131 0.192604 0.124497
0 0.762318 0.551138 0.124785 0.148212
0 0.606468 0.545747 0.114413 0.150233
0 0.445344 0.865807 0.162341 0.255004
0 0.453728 0.606294 0.102070 0.164232
0 0.279247 0.581098 0.107249 0.153046
0 0.446484 0.458477 0.080217 0.122734
0 0.716451 0.426096 0.091613 0.113502
0 0.187241 0.376747 0.079936 0.094154
0 0.048672 0.852742 0.096976 0.228439
0 0.581805 0.417906 0.074479 0.109958
0 0.691692 0.353873 0.066623 0.101144
0 0.075106 0.644547 0.147903 0.179670
0 0.494793 0.282160 0.067807 0.082158
0 0.142605 0.483759 0.107982 0.118582
0 0.173750 0.979662 0.153272 0.033227
0 0.563043 0.337845 0.072616 0.099800
0 0.456698 0.349332 0.072414 0.096332
0 0.300282 0.422813 0.082845 0.120655
0 0.310262 0.328446 0.064713 0.077817
0 0.615478 0.238343 0.060403 0.077907
0 0.267365 0.212436 0.055057 0.088846
0 0.962645 0.945712 0.074179 0.103520
0 0.528666 0.233036 0.056892 0.064372
0 0.745398 0.187641 0.056147 0.066299
0 0.312498 0.269286 0.054320 0.061344
0 0.227681 0.301730 0.060862 0.073384
0 0.433861 0.137554 0.042532 0.041882
0 0.658761 0.201198 0.062589 0.064196
0 0.697618 0.280892 0.060105 0.075533
0 0.553524 0.200827 0.057908 0.058154
0 0.961519 0.276808 0.058856 0.090632
0 0.335027 0.211665 0.052165 0.086863
0 0.713527 0.233351 0.052050 0.068941
0 0.568040 0.134057 0.053214 0.033587
0 0.630573 0.167056 0.039743 0.049222
