0 0.720463 0.596509 0.164370 0.268285
0 0.656217 0.492356 0.140241 0.232008
0 0.375880 0.935624 0.241599 0.112163
0 0.406337 0.751908 0.171897 0.228642
0 0.911106 0.456597 0.167186 0.244383
0 0.347663 0.860625 0.225671 0.222353
3 0.818736 0.259010 0.115234 0.179193
0 0.591747 0.138728 0.085985 0.127433
0 0.624790 0.302531 0.112211 0.180785
0 0.365516 0.678291 0.152890 0.144462
0 0.383754 0.555121 0.162128 0.179546
0 0.400894 0.467746 0.159352 0.240043
0 0.429843 0.216391 0.085012 0.107691
0 0.753549 0.234745 0.055502 0.107805
3 0.399063 0.468155 0.161109 0.253382
3 0.591437 0.139336 0.088691 0.129602
0 0.395681 0.290432 0.112608 0.135288
