0 0.310432 0.691127 0.158951 0.265804
0 0.323155 0.372778 0.084439 0.099221
0 0.203193 0.523281 0.124130 0.146068
0 0.441420 0.300118 0.055594 0.067621
0 0.375072 0.266922 0.052028 0.059951
0 0.407406 0.411381 0.079864 0.104067
2 0.258821 0.196998 0.120926 0.141922
2 0.412717 0.183454 0.063207 0.122797
0 0.290109 0.269886 0.070171 0.090386
2 0.110355 0.476660 0.220065 0.472728
0 0.853822 0.795481 0.167160 0.220569
3 0.860448 0.345861 0.225367 0.319687
0 0.729582 0.473133 0.105161 0.144096
0 0.482719 0.215878 0.040953 0.048418
2 0.358145 0.174701 0.056759 0.096851
0 0.730669 0.258033 0.038781 0.049107
0 0.045822 0.885226 0.091643 0.215742
0 0.664953 0.300611 0.048414 0.062175
0 0.658294 0.291224 0.064417 0.080324
2 0.416682 0.159454 0.069353 0.164314
