0 0.352384 0.585265 0.144546 0.238337
0 0.943173 0.206960 0.113365 0.111182
0 0.324853 0.759714 0.142414 0.181844
0 0.399091 0.505370 0.103177 0.172092
0 0.243686 0.919852 0.193632 0.160297
2 0.228965 0.499765 0.134172 0.228038
2 0.222487 0.270901 0.163960 0.344007
2 0.369888 0.391833 0.115661 0.151494
2 0.212415 0.623812 0.116179 0.239121
2 0.454438 0.135806 0.070232 0.091859
2 0.103792 0.492753 0.122687 0.308845
2 0.068803 0.790871 0.137607 0.418257
0 0.622904 0.183904 0.060125 0.091610
3 0.730596 0.543040 0.154694 0.312003
0 0.040785 0.302527 0.079470 0.090014
2 0.787427 0.436348 0.083923 0.207018
3 0.091078 0.544312 0.123829 0.210954
3 0.787111 0.430490 0.084734 0.211916
