0 0.078811 0.666651 0.157623 0.203510
0 0.743496 0.875690 0.208879 0.239147
0 0.353630 0.834762 0.202110 0.297835
0 0.637373 0.606195 0.165530 0.266854
0 0.408524 0.630292 0.154037 0.215286
0 0.599719 0.480033 0.121032 0.175990
0 0.174344 0.472773 0.158426 0.203931
0 0.972384 0.862146 0.054130 0.248037
0 0.202452 0.224043 0.097716 0.099661
0 0.055818 0.842774 0.110401 0.305133
0 0.315997 0.222246 0.095098 0.104346
0 0.426283 0.508710 0.122116 0.182065
0 0.430441 0.374167 0.106303 0.206562
0 0.610768 0.365667 0.116410 0.175899
0 0.065113 0.342535 0.117143 0.150680
0 0.031777 0.441024 0.063524 0.185707
0 0.133004 0.279632 0.095701 0.115588
0 0.587628 0.273397 0.099412 0.139687
0 0.406859 0.144447 0.086397 0.095541
0 0.737054 0.279660 0.087775 0.141854
3 0.801976 0.346670 0.141171 0.220078
3 0.921555 0.653772 0.155226 0.388778
0 0.865863 0.524051 0.132581 0.189640
0 0.200421 0.387986 0.130629 0.141292
0 0.683809 0.116304 0.068134 0.088017
0 0.611398 0.211953 0.085646 0.136120
3 0.604293 0.122215 0.107311 0.155597
0 0.801620 0.347770 0.142021 0.219063
0 0.230904 0.374515 0.091965 0.130442
2 0.604614 0.117699 0.109205 0.164417
0 0.451096 0.306385 0.102186 0.162095
0 0.612197 0.193472 0.079769 0.102264
