0 0.684455 0.588327 0.093580 0.122479
0 0.131660 0.935645 0.180882 0.127405
0 0.333047 0.769254 0.139853 0.169877
0 0.879116 0.624987 0.106013 0.134105
0 0.505610 0.922419 0.151339 0.155162
0 0.851067 0.875154 0.141028 0.123293
0 0.690113 0.496840 0.084380 0.098464
0 0.038286 0.802400 0.076459 0.239015
0 0.572080 0.825924 0.131716 0.163840
0 0.425507 0.615773 0.108981 0.139687
0 0.307751 0.166973 0.046745 0.054586
0 0.104406 0.366343 0.074749 0.092368
0 0.289279 0.241970 0.061239 0.071182
0 0.602151 0.733153 0.122548 0.149915
0 0.843773 0.956460 0.167114 0.080705
0 0.032445 0.419824 0.064890 0.113976
0 0.192504 0.241944 0.057773 0.068678
0 0.472404 0.554678 0.099401 0.126915
0 0.909739 0.534132 0.081525 0.131948
0 0.332597 0.515304 0.080753 0.111783
0 0.539549 0.516712 0.079607 0.115392
0 0.884363 0.478651 0.082943 0.117645
0 0.143036 0.273725 0.045542 0.072389
0 0.361823 0.190806 0.050117 0.059189
3 0.215383 0.589679 0.134519 0.212654
3 0.081262 0.670064 0.161359 0.280775
0 0.203378 0.176252 0.044971 0.053507
0 0.033072 0.344551 0.066145 0.091343
0 0.546269 0.432165 0.095983 0.139587
0 0.864339 0.808915 0.134251 0.147347
0 0.716088 0.451891 0.071516 0.106119
3 0.381072 0.368387 0.088438 0.140974
0 0.760270 0.294925 0.062745 0.075850
3 0.074088 0.144626 0.064022 0.151994
0 0.355719 0.477930 0.089743 0.107798
0 0.267639 0.143220 0.043301 0.059219
0 0.346539 0.122005 0.029832 0.041433
0 0.385472 0.438224 0.081993 0.098272
0 0.240363 0.162496 0.036620 0.045159
3 0.600776 0.154773 0.055425 0.098340
3 0.727886 0.383613 0.080991 0.127291
0 0.483945 0.336764 0.066141 0.091797
0 0.595258 0.403999 0.056445 0.092107
0 0.862999 0.322535 0.052594 0.069235
0 0.261391 0.557135 0.104009 0.167225
0 0.445052 0.402158 0.045156 0.091029
0 0.569682 0.229149 0.036055 0.071504
