0 0.815520 0.855324 0.294733 0.279346
0 0.340842 0.822678 0.268666 0.343066
0 0.757409 0.588258 0.214217 0.254480
0 0.697263 0.736376 0.228386 0.318893
0 0.031378 0.772666 0.062596 0.288479
0 0.073697 0.588925 0.147393 0.341649
0 0.907182 0.398526 0.152672 0.209288
0 0.385437 0.590549 0.170908 0.256838
0 0.070863 0.414124 0.140394 0.188734
0 0.232465 0.949930 0.261543 0.090385
0 0.267369 0.716944 0.220446 0.306316
0 0.688253 0.468952 0.167919 0.235974
0 0.099363 0.344219 0.167472 0.215615
0 0.021950 0.199398 0.043785 0.153425
0 0.329313 0.419205 0.134270 0.213623
0 0.795589 0.189818 0.113842 0.156775
0 0.395324 0.475528 0.188159 0.243553
0 0.972683 0.446182 0.053413 0.178438
0 0.381840 0.298120 0.133356 0.095266
0 0.043176 0.169099 0.084969 0.147010
0 0.189108 0.211919 0.108695 0.138706
3 0.391370 0.117678 0.120028 0.164496
0 0.464510 0.189912 0.111401 0.164217
0 0.655804 0.310651 0.152648 0.167403
0 0.884197 0.266963 0.138542 0.174279
0 0.226498 0.171194 0.111559 0.167763
0 0.675456 0.367995 0.159277 0.145909
0 0.264250 0.117498 0.095339 0.122605
0 0.153134 0.291502 0.113306 0.160068
2 0.638149 0.144625 0.150470 0.203744
0 0.397775 0.251563 0.129970 0.180373
0 0.976193 0.144321 0.046930 0.136432
0 0.931698 0.287874 0.136440 0.149182
0 0.614118 0.269105 0.116828 0.197885
0 0.933357 0.078541 0.084729 0.115698
0 0.077481 0.149309 0.071065 0.118266
0 0.984434 0.545339 0.030605 0.198295
0 0.569714 0.052680 0.088671 0.103027
0 0.560877 0.114693 0.040874 0.131086
0 0.127630 0.066185 0.093630 0.132370
0 0.873271 0.266815 0.104207 0.153305
3 0.639361 0.149151 0.150746 0.214008
0 0.395781 0.213594 0.126112 0.101034
0 0.088502 0.115347 0.100432 0.142821
0 0.779168 0.146068 0.104210 0.140080
0 0.615701 0.241807 0.109687 0.139327
