0 0.600553 0.942786 0.149518 0.108574
0 0.960467 0.918705 0.077943 0.158046
0 0.255388 0.808494 0.138440 0.162449
0 0.500894 0.852280 0.131099 0.166935
0 0.342287 0.713322 0.115214 0.142584
0 0.796600 0.921714 0.140575 0.148451
0 0.119709 0.743999 0.130687 0.122591
0 0.243249 0.647234 0.103786 0.135618
0 0.665548 0.837265 0.123508 0.156961
0 0.719533 0.746517 0.098237 0.124381
2 0.092610 0.324145 0.117619 0.189276
0 0.578919 0.703695 0.089491 0.098769
0 0.131863 0.475670 0.065345 0.088513
0 0.969500 0.608764 0.061000 0.114112
0 0.312133 0.556019 0.084623 0.110108
0 0.062226 0.687250 0.121840 0.142522
0 0.835705 0.572421 0.077330 0.100246
0 0.330460 0.473114 0.064253 0.097438
0 0.839329 0.816815 0.126750 0.170603
0 0.077996 0.530546 0.080013 0.102310
0 0.035303 0.594661 0.070330 0.118835
0 0.427397 0.625995 0.083306 0.123705
0 0.739407 0.670968 0.090043 0.118440
2 0.040318 0.423232 0.079722 0.209309
0 0.603749 0.544899 0.074904 0.096205
0 0.602637 0.655126 0.076009 0.106393
0 0.945033 0.567185 0.078755 0.101492
0 0.742515 0.339094 0.048373 0.056242
0 0.866875 0.752675 0.083211 0.070800
0 0.808893 0.506819 0.069607 0.087365
0 0.741225 0.597337 0.074068 0.092395
0 0.879602 0.481281 0.068399 0.083337
0 0.546032 0.774187 0.111185 0.119724
0 0.976739 0.753682 0.045563 0.170700
0 0.547586 0.800486 0.116005 0.169872
3 0.887875 0.386303 0.047779 0.058581
0 0.181041 0.882543 0.101119 0.178691
0 0.437249 0.524313 0.076448 0.105741
3 0.835470 0.346917 0.051463 0.074425
2 0.972995 0.465432 0.053160 0.136800
0 0.922236 0.516175 0.077380 0.092125
0 0.598474 0.310412 0.042665 0.053058
0 0.794083 0.393260 0.055919 0.064671
2 0.681741 0.419307 0.083684 0.132452
0 0.206188 0.507928 0.080053 0.117786
0 0.863393 0.645440 0.082249 0.111181
0 0.634632 0.390609 0.038742 0.069545
2 0.177463 0.239028 0.073278 0.113094
0 0.150617 0.438732 0.056864 0.085301
