0 0.221085 0.519272 0.112637 0.167212
0 0.103248 0.756474 0.186213 0.246927
0 0.372333 0.623260 0.113492 0.194765
0 0.460538 0.302712 0.058723 0.092834
0 0.967929 0.470203 0.063692 0.129564
0 0.266581 0.262327 0.066372 0.097209
0 0.630173 0.209086 0.044344 0.069288
0 0.056496 0.514472 0.112992 0.160003
0 0.353439 0.171376 0.041981 0.058596
0 0.303788 0.144966 0.037152 0.056962
0 0.695868 0.447251 0.079818 0.127762
0 0.411382 0.184837 0.041430 0.068441
0 0.881480 0.333163 0.072542 0.094061
0 0.779797 0.131679 0.040156 0.051339
0 0.345340 0.294807 0.067035 0.097128
0 0.493232 0.173476 0.044975 0.076557
0 0.725023 0.110961 0.037699 0.061243
0 0.669567 0.122332 0.036224 0.055656
0 0.783903 0.065195 0.027952 0.031615
0 0.614949 0.113089 0.034346 0.063776
0 0.472285 0.138992 0.032885 0.056310
0 0.395207 0.116134 0.034574 0.047404
0 0.367419 0.094135 0.029104 0.033941
0 0.434147 0.071172 0.028783 0.037350
