0 0.693258 0.864223 0.136460 0.230245
0 0.231432 0.846740 0.192741 0.217867
0 0.191037 0.314341 0.058707 0.072368
0 0.764489 0.599634 0.091775 0.131768
2 0.572197 0.224629 0.061745 0.189851
0 0.250249 0.650082 0.141548 0.148244
0 0.419090 0.866370 0.174631 0.241486
0 0.778597 0.418336 0.058262 0.083644
0 0.858661 0.266904 0.040346 0.056045
0 0.587464 0.381498 0.062168 0.093523
0 0.645129 0.505603 0.078188 0.105494
0 0.915270 0.583743 0.088359 0.131108
0 0.699162 0.372233 0.052569 0.073640
0 0.047641 0.280222 0.056609 0.052192
0 0.260793 0.250100 0.042925 0.049559
0 0.502577 0.493408 0.091174 0.132031
0 0.022374 0.350888 0.044612 0.062374
0 0.714568 0.279685 0.046813 0.082901
0 0.222220 0.280885 0.047496 0.052349
0 0.166205 0.200791 0.035277 0.035783
0 0.205939 0.218572 0.034961 0.040921
0 0.113496 0.241255 0.043430 0.043996
0 0.838092 0.217740 0.034390 0.040235
0 0.788190 0.279184 0.039377 0.058893
0 0.024688 0.421325 0.049187 0.080137
0 0.882517 0.315203 0.047193 0.054788
0 0.305422 0.213358 0.040871 0.041902
2 0.671110 0.138664 0.054099 0.079451
0 0.891978 0.399500 0.065881 0.104596
2 0.381456 0.172117 0.055230 0.110100
3 0.024642 0.423535 0.049181 0.079365
3 0.892033 0.398384 0.065854 0.105523
0 0.626187 0.331592 0.045088 0.058325
0 0.207537 0.159575 0.027693 0.033301
0 0.944632 0.193642 0.031849 0.031293
0 0.626973 0.312275 0.047228 0.093470
0 0.954428 0.199972 0.052106 0.043223
