0 0.133015 0.643320 0.091211 0.084271
0 0.033065 0.625998 0.066129 0.097821
0 0.384067 0.915271 0.186188 0.154791
0 0.409517 0.691964 0.092405 0.109386
0 0.152544 0.902025 0.303666 0.170461
0 0.534478 0.748473 0.102622 0.122448
0 0.630617 0.624535 0.076652 0.103017
0 0.458976 0.646779 0.074117 0.086547
0 0.310871 0.571217 0.059026 0.063366
0 0.480607 0.613940 0.062964 0.078851
0 0.264741 0.803770 0.134219 0.141723
0 0.452664 0.844670 0.158452 0.205113
0 0.222029 0.590395 0.079043 0.097926
3 0.728844 0.862329 0.173889 0.250634
0 0.759035 0.719231 0.091569 0.122624
0 0.747988 0.625988 0.081474 0.092917
0 0.104604 0.595745 0.069634 0.087414
3 0.638530 0.543355 0.090898 0.174141
0 0.528018 0.564788 0.060442 0.084202
0 0.770267 0.571882 0.063451 0.092269
0 0.564494 0.559697 0.035923 0.053956
0 0.364643 0.543634 0.040650 0.062955
3 0.629718 0.624487 0.076912 0.101894
0 0.370212 0.531956 0.050763 0.072275
0 0.323302 0.515832 0.032406 0.037797
