0 0.392434 0.502243 0.066356 0.089997
2 0.080969 0.617555 0.161595 0.262001
0 0.334022 0.456602 0.054729 0.073022
0 0.382665 0.279287 0.028170 0.028694
0 0.648144 0.609832 0.083510 0.116098
0 0.587239 0.404874 0.048737 0.055140
0 0.694102 0.349270 0.039493 0.050273
0 0.364029 0.252464 0.022001 0.033824
0 0.619930 0.305500 0.038437 0.065116
0 0.702744 0.896893 0.146905 0.183565
3 0.859601 0.738099 0.133032 0.161689
0 0.643963 0.371906 0.040037 0.071958
0 0.245304 0.459194 0.067354 0.066587
0 0.671442 0.280132 0.029308 0.041625
0 0.455206 0.353226 0.025596 0.031196
3 0.269137 0.589625 0.106836 0.127237
0 0.669167 0.273011 0.031987 0.038511
0 0.245918 0.445088 0.067031 0.095086
