0 0.822353 0.866783 0.309453 0.258944
0 0.671546 0.713576 0.207820 0.303724
0 0.604120 0.614874 0.156752 0.244290
0 0.931202 0.486588 0.128703 0.164164
0 0.314949 0.905250 0.269161 0.183023
0 0.927536 0.703484 0.144205 0.282783
0 0.836618 0.581288 0.170694 0.262227
0 0.775929 0.486647 0.142856 0.162799
2 0.259818 0.240290 0.087302 0.162031
0 0.706374 0.468076 0.109833 0.168592
0 0.374201 0.813483 0.223035 0.360072
0 0.569580 0.525411 0.126336 0.214550
0 0.631525 0.393140 0.091300 0.109777
0 0.354448 0.418663 0.094837 0.087723
0 0.531766 0.470081 0.110616 0.174403
0 0.587081 0.352715 0.066143 0.090038
0 0.826727 0.403315 0.085816 0.095305
0 0.369180 0.505508 0.129067 0.130659
0 0.723157 0.349879 0.072641 0.072853
0 0.075447 0.282404 0.030525 0.063099
0 0.582310 0.594463 0.120431 0.284227
0 0.345532 0.309742 0.059907 0.053279
