0 0.345911 0.813481 0.146270 0.165270
0 0.716684 0.927166 0.196726 0.142542
0 0.579343 0.792689 0.140299 0.153101
0 0.771778 0.776675 0.128003 0.151535
0 0.924232 0.826297 0.151025 0.214906
0 0.212505 0.732109 0.107231 0.134192
0 0.465158 0.743385 0.118506 0.163998
0 0.129092 0.677429 0.098600 0.129089
0 0.659943 0.768171 0.112315 0.188759
0 0.962559 0.648609 0.074775 0.097363
0 0.851126 0.649504 0.101862 0.101233
0 0.228903 0.646106 0.089945 0.102567
0 0.894566 0.629242 0.076611 0.099572
0 0.040399 0.621614 0.079216 0.111903
0 0.269688 0.590195 0.067945 0.099989
0 0.861352 0.567876 0.079075 0.069178
0 0.719022 0.596964 0.076296 0.129846
0 0.688548 0.518931 0.042090 0.050421
