0 0.219787 0.835094 0.252149 0.304045
0 0.338446 0.914865 0.273306 0.146934
0 0.600256 0.864231 0.245101 0.260194
0 0.921599 0.565582 0.156617 0.124437
0 0.505251 0.760083 0.199409 0.243289
0 0.763495 0.924497 0.277028 0.143031
0 0.595407 0.509766 0.133926 0.172863
0 0.374411 0.651206 0.211945 0.240613
0 0.740929 0.653715 0.174528 0.217701
0 0.821587 0.504001 0.156056 0.223967
0 0.456458 0.397368 0.106176 0.135108
0 0.058695 0.626530 0.117268 0.206299
0 0.648725 0.577050 0.144890 0.190645
0 0.120532 0.708868 0.170101 0.225992
0 0.380246 0.350644 0.091290 0.119640
0 0.919056 0.204029 0.070496 0.062221
0 0.862685 0.417966 0.141289 0.173291
0 0.718897 0.451208 0.108645 0.153913
0 0.135759 0.523372 0.094918 0.148297
0 0.244704 0.559840 0.161061 0.251030
0 0.964491 0.484981 0.070134 0.142587
0 0.719989 0.172426 0.059236 0.057710
0 0.880235 0.807308 0.239529 0.369005
0 0.539210 0.463741 0.108601 0.156538
0 0.561059 0.340701 0.094805 0.100939
0 0.661904 0.332119 0.104213 0.109826
0 0.755677 0.354122 0.093150 0.080680
0 0.617375 0.391946 0.109914 0.130858
0 0.095878 0.419294 0.068369 0.112881
0 0.774101 0.189822 0.074077 0.059218
0 0.636269 0.154902 0.052766 0.047242
0 0.324972 0.290608 0.085569 0.129089
0 0.962530 0.251216 0.073827 0.083083
0 0.046064 0.443912 0.092128 0.167637
0 0.017395 0.304425 0.034756 0.107258
0 0.975379 0.256254 0.047717 0.091335
0 0.018888 0.138978 0.037120 0.050887
0 0.477058 0.312768 0.103429 0.115461
0 0.816805 0.221748 0.071597 0.076509
3 0.875444 0.806897 0.248017 0.375360
0 0.266560 0.280742 0.055056 0.094354
0 0.237284 0.258145 0.088305 0.107366
0 0.527484 0.257240 0.110251 0.078154
0 0.033502 0.500346 0.066069 0.160375
0 0.837673 0.222371 0.097601 0.078287
0 0.084266 0.173429 0.047249 0.062358
0 0.074771 0.170915 0.069618 0.065067
0 0.604158 0.291685 0.080835 0.067413
0 0.770895 0.749314 0.084435 0.224202
0 0.033299 0.476364 0.066598 0.105919
