0 0.469535 0.926979 0.100156 0.141177
0 0.427820 0.833996 0.123684 0.195491
0 0.375671 0.526505 0.098902 0.170006
0 0.080001 0.905079 0.150389 0.178422
0 0.941467 0.539731 0.112674 0.185088
0 0.456061 0.632493 0.099134 0.178682
0 0.960894 0.601068 0.077074 0.195268
2 0.461151 0.484338 0.079787 0.142297
0 0.272701 0.888914 0.142760 0.193284
0 0.088455 0.770589 0.135826 0.234077
0 0.370286 0.384571 0.097998 0.141578
0 0.272657 0.600349 0.107224 0.170119
0 0.864124 0.442138 0.081941 0.157604
2 0.512051 0.755752 0.090756 0.201649
0 0.252523 0.695278 0.104358 0.196976
2 0.290654 0.222039 0.058091 0.126789
0 0.902764 0.450791 0.151387 0.163133
2 0.395817 0.232840 0.084678 0.140177
0 0.587427 0.071246 0.078002 0.078627
0 0.848850 0.419345 0.114636 0.147085
0 0.321324 0.963656 0.130589 0.067604
0 0.824525 0.426702 0.063141 0.125506
0 0.789582 0.172382 0.084951 0.105689
0 0.248781 0.529893 0.093937 0.135788
2 0.323508 0.278471 0.064412 0.135645
2 0.973361 0.226819 0.052561 0.120039
0 0.913895 0.474856 0.140005 0.206221
0 0.875395 0.291169 0.102019 0.097152
0 0.902261 0.306274 0.092455 0.068631
0 0.110703 0.650368 0.093265 0.169773
0 0.957531 0.366870 0.084938 0.163220
0 0.203342 0.138861 0.072038 0.104157
0 0.109312 0.685123 0.092907 0.106020
0 0.786713 0.352100 0.092423 0.150952
2 0.939425 0.202291 0.108618 0.155128
0 0.220747 0.275084 0.094812 0.113665
