0 0.559398 0.888285 0.226031 0.203326
0 0.767633 0.441388 0.113769 0.203875
0 0.882714 0.591733 0.131293 0.223990
0 0.438600 0.356730 0.142672 0.189985
0 0.944371 0.554447 0.110599 0.261675
0 0.738974 0.299635 0.128940 0.150079
0 0.936698 0.370080 0.125653 0.175356
0 0.450988 0.744302 0.209373 0.280450
0 0.861850 0.883175 0.209641 0.224966
0 0.175741 0.874848 0.277889 0.231622
0 0.802612 0.702961 0.226173 0.307014
3 0.315569 0.160091 0.175455 0.235489
0 0.834162 0.812619 0.178963 0.241541
0 0.111351 0.732013 0.221312 0.324087
0 0.881834 0.293264 0.138535 0.175642
0 0.517491 0.594876 0.141316 0.236954
0 0.496779 0.641871 0.141846 0.197332
0 0.316116 0.159612 0.175788 0.234545
3 0.081583 0.145436 0.162201 0.284638
3 0.104358 0.149261 0.115894 0.273414
3 0.235508 0.423254 0.165800 0.278526
3 0.525353 0.285021 0.134308 0.156380
0 0.107414 0.512439 0.209809 0.269300
0 0.695516 0.482379 0.074546 0.215682
0 0.711212 0.176388 0.132611 0.153309
0 0.235822 0.422217 0.166986 0.278966
0 0.524526 0.285485 0.135411 0.158385
3 0.857648 0.154890 0.112791 0.150860
0 0.093016 0.465869 0.178669 0.224681
3 0.310269 0.376828 0.124439 0.261027
0 0.611111 0.495409 0.167952 0.321311
0 0.800342 0.206628 0.063273 0.144203
0 0.525534 0.527340 0.191335 0.325189
3 0.605010 0.500123 0.174836 0.317177
0 0.080596 0.587353 0.161064 0.173429
0 0.201017 0.939325 0.223602 0.111473
