0 0.798094 0.579392 0.106114 0.123569
0 0.767202 0.859226 0.150345 0.198247
0 0.678866 0.638504 0.097477 0.131621
0 0.579881 0.707229 0.114005 0.140095
2 0.274717 0.341793 0.106875 0.169512
0 0.419431 0.694036 0.095923 0.136770
0 0.386376 0.637622 0.098812 0.128404
0 0.903593 0.780041 0.141414 0.182061
0 0.309249 0.600718 0.100083 0.110210
3 0.236742 0.518943 0.091842 0.192835
0 0.355217 0.545845 0.070770 0.058380
1 0.109959 0.731841 0.053714 0.085939
1 0.245825 0.839616 0.055775 0.146451
1 0.208809 0.814699 0.033168 0.094045
3 0.436043 0.886846 0.158064 0.213891
0 0.501554 0.576879 0.085687 0.127560
0 0.632779 0.569773 0.086190 0.109945
0 0.573911 0.484646 0.073826 0.083238
0 0.276417 0.595833 0.047195 0.107167
2 0.350151 0.365610 0.050984 0.134183
2 0.574950 0.244071 0.040731 0.058060
0 0.552667 0.453461 0.071913 0.115542
0 0.709557 0.523311 0.081605 0.109246
0 0.593547 0.531564 0.067580 0.105598
2 0.423820 0.418171 0.099743 0.116311
0 0.813118 0.495267 0.072296 0.053494
0 0.783546 0.461613 0.074776 0.101459
