0 0.554138 0.659908 0.188332 0.189991
0 0.811891 0.659182 0.216475 0.210721
0 0.207992 0.639376 0.086140 0.185165
0 0.685558 0.635516 0.125390 0.182716
0 0.315236 0.653334 0.173321 0.218713
0 0.480047 0.636930 0.133700 0.174459
0 0.154003 0.636693 0.052937 0.139174
0 0.085290 0.630956 0.041207 0.103982
0 0.410027 0.646076 0.044543 0.154728
0 0.120948 0.633965 0.057742 0.120905
1 0.951359 0.683189 0.079271 0.152683
0 0.047263 0.629627 0.065769 0.091935
0 0.134034 0.629694 0.090134 0.129464
0 0.042847 0.638169 0.057353 0.073653
1 0.974656 0.675827 0.050181 0.157456
