0 0.798735 0.880546 0.148207 0.202884
0 0.209999 0.389628 0.083129 0.134114
0 0.626396 0.918188 0.177622 0.161338
0 0.052829 0.890751 0.105391 0.206683
0 0.117930 0.342935 0.093393 0.113960
0 0.348869 0.408522 0.086858 0.123545
0 0.033528 0.432098 0.067007 0.126781
0 0.275624 0.880511 0.140457 0.221060
0 0.522303 0.672934 0.103241 0.150663
0 0.288566 0.662250 0.127161 0.241791
0 0.911968 0.734910 0.139879 0.190450
0 0.681882 0.646301 0.096842 0.152257
0 0.311136 0.510110 0.086679 0.127243
0 0.176909 0.309598 0.066308 0.098343
0 0.356769 0.271493 0.062177 0.088852
0 0.147883 0.501890 0.098701 0.143954
0 0.560344 0.819717 0.130219 0.180873
0 0.228359 0.073658 0.045398 0.032575
0 0.828895 0.618960 0.090181 0.114407
1 0.208219 0.577139 0.029917 0.085924
0 0.670620 0.539963 0.085465 0.113395
0 0.491523 0.587772 0.092313 0.151989
0 0.437176 0.301041 0.062253 0.090467
0 0.394899 0.345378 0.060338 0.105318
0 0.181102 0.071110 0.053949 0.037942
2 0.447340 0.174321 0.066583 0.133052
3 0.059275 0.695297 0.118414 0.225434
0 0.059545 0.695185 0.118489 0.222826
0 0.524100 0.496740 0.074849 0.125295
0 0.347977 0.973664 0.128028 0.043731
0 0.220019 0.278064 0.062878 0.095324
0 0.536941 0.418706 0.076418 0.102794
0 0.825161 0.519636 0.086562 0.107701
0 0.673040 0.442053 0.072274 0.110876
0 0.720165 0.300675 0.042007 0.085128
0 0.352530 0.197959 0.053004 0.062019
0 0.282769 0.247038 0.049029 0.072367
