0 0.896033 0.398537 0.100216 0.105211
0 0.303676 0.532410 0.086669 0.123424
0 0.538216 0.538293 0.093490 0.136383
0 0.186476 0.792242 0.163848 0.192979
0 0.205005 0.283930 0.071884 0.072560
0 0.025332 0.163453 0.050630 0.090393
0 0.457455 0.360612 0.083594 0.104838
0 0.267525 0.337119 0.071003 0.093042
3 0.774866 0.174979 0.146646 0.163849
0 0.725779 0.537563 0.103322 0.142190
0 0.147226 0.105504 0.058538 0.046300
0 0.655704 0.229991 0.072112 0.068461
0 0.327526 0.172268 0.059532 0.048588
0 0.507315 0.193699 0.063399 0.062583
2 0.775610 0.175652 0.146585 0.161962
0 0.062123 0.111851 0.027422 0.043309
0 0.030447 0.115181 0.046744 0.044517
2 0.507552 0.193972 0.062932 0.062554
