2 0.839715 0.535841 0.288500 0.269371
0 0.709766 0.618805 0.097270 0.131606
0 0.698151 0.768062 0.182593 0.224571
0 0.853431 0.741034 0.172506 0.171753
0 0.654342 0.962475 0.139998 0.073479
0 0.603083 0.835978 0.143215 0.241216
0 0.599136 0.626096 0.094444 0.147927
0 0.322077 0.880626 0.125924 0.237737
0 0.948718 0.742310 0.101543 0.140089
0 0.012441 0.802651 0.024687 0.088105
0 0.524812 0.656299 0.086747 0.151065
2 0.859119 0.413798 0.083620 0.092590
0 0.065904 0.471033 0.089962 0.069541
2 0.634753 0.470887 0.137497 0.218080
0 0.413222 0.620275 0.069918 0.129787
0 0.893179 0.898026 0.168539 0.202295
2 0.728568 0.320748 0.066796 0.077040
2 0.547273 0.326937 0.053363 0.095438
0 0.551748 0.418941 0.042059 0.060536
2 0.313111 0.679167 0.099168 0.194178
0 0.448316 0.726489 0.074107 0.133862
0 0.049738 0.556122 0.099212 0.095866
0 0.061362 0.672615 0.122218 0.173892
3 0.154758 0.547812 0.117918 0.119273
0 0.441134 0.513930 0.052248 0.093203
0 0.487018 0.565791 0.063425 0.116344
0 0.312881 0.678340 0.100067 0.193513
2 0.448718 0.727555 0.075016 0.133561
0 0.383568 0.534092 0.054330 0.113915
