0 0.261432 0.906188 0.165334 0.187623
0 0.060809 0.854983 0.121043 0.183366
0 0.115022 0.783863 0.139613 0.176283
0 0.481529 0.713038 0.145734 0.188808
0 0.318413 0.631146 0.114134 0.168698
0 0.122432 0.943462 0.202932 0.113076
0 0.556184 0.632311 0.110172 0.135694
2 0.394476 0.345519 0.154042 0.226311
2 0.671618 0.207841 0.062057 0.139396
0 0.316249 0.873222 0.147433 0.192885
0 0.032465 0.692288 0.064930 0.159964
2 0.190049 0.660391 0.156640 0.305613
0 0.375356 0.589901 0.123752 0.171745
2 0.515702 0.297847 0.090426 0.151431
0 0.590765 0.585659 0.107788 0.157541
2 0.449866 0.509767 0.114851 0.190603
0 0.286290 0.676236 0.051309 0.104408
0 0.676190 0.379069 0.055565 0.075061
0 0.632876 0.400532 0.072166 0.082803
0 0.629038 0.551322 0.091213 0.123710
0 0.304286 0.415084 0.046432 0.107945
0 0.864248 0.310253 0.048765 0.061342
0 0.352086 0.461790 0.070142 0.098663
2 0.722767 0.177162 0.040939 0.114942
0 0.768951 0.416605 0.072530 0.102935
3 0.101746 0.534163 0.144091 0.307203
0 0.375857 0.221045 0.053210 0.040402
0 0.898866 0.272378 0.048515 0.066594
2 0.472040 0.219662 0.077311 0.074420
3 0.157793 0.369197 0.258490 0.251195
0 0.760611 0.317479 0.047150 0.066239
0 0.421824 0.549167 0.093371 0.164685
0 0.580819 0.452269 0.038103 0.107327
0 0.318271 0.776809 0.149138 0.121652
0 0.734706 0.454174 0.066859 0.114227
2 0.519123 0.433610 0.092423 0.158139
0 0.609875 0.422207 0.052400 0.062531
0 0.277574 0.674641 0.066048 0.110891
0 0.516400 0.510165 0.040043 0.115002
