0 0.284747 0.680831 0.097842 0.123810
0 0.718651 0.939991 0.131635 0.114356
0 0.653086 0.602692 0.084240 0.105590
0 0.360937 0.510522 0.079050 0.105850
0 0.692335 0.781548 0.113870 0.139040
0 0.602304 0.397886 0.057492 0.076215
0 0.377823 0.364683 0.044382 0.054992
0 0.304362 0.608410 0.079596 0.093493
0 0.781801 0.509350 0.068001 0.087569
0 0.629187 0.453095 0.068954 0.073916
0 0.716241 0.390171 0.061187 0.077898
0 0.572042 0.366047 0.044484 0.056566
0 0.870963 0.606637 0.096815 0.133639
2 0.471097 0.298755 0.063547 0.129116
0 0.661785 0.356497 0.048162 0.056684
0 0.337206 0.448439 0.060687 0.094328
3 0.484370 0.636704 0.136918 0.249063
3 0.471125 0.297647 0.063271 0.129081
2 0.490583 0.420820 0.083812 0.158481
0 0.891345 0.272112 0.039815 0.039198
0 0.615979 0.309861 0.041377 0.048216
3 0.423215 0.247735 0.053758 0.116280
0 0.518023 0.288651 0.032939 0.040236
0 0.306289 0.218104 0.026963 0.036784
3 0.381343 0.305919 0.050905 0.092656
