0 0.067148 0.315646 0.134296 0.255716
0 0.430334 0.506535 0.174710 0.312781
0 0.729532 0.667544 0.143072 0.398047
0 0.179297 0.464347 0.134062 0.281352
0 0.398031 0.738550 0.154415 0.356734
0 0.610924 0.299208 0.107382 0.314459
0 0.093326 0.170583 0.161385 0.224544
0 0.280787 0.309149 0.183093 0.351759
0 0.747226 0.316705 0.102835 0.263673
0 0.648325 0.090625 0.089782 0.181250
0 0.800769 0.070248 0.088321 0.140496
0 0.485177 0.836974 0.160543 0.176338
0 0.754942 0.151261 0.094338 0.185129
0 0.157874 0.710101 0.152853 0.430117
0 0.159281 0.805163 0.153743 0.242643
